rate = 30
x = 1997.29065
y = 1007.03943
z = 995.06512
a = 180.00000