rate = 60
x = 1989.99756
y = 1007.03943
z = 995.06512
a = -180.00000