rate = 120
x = 1989.96155
y = 1028.87537
z = 995.06512
a = 0.00000