rate = 240
x = 1997.23547
y = 1028.87537
z = 995.06512
a = 0.00000