x = 1979.37244
y = 1036.27759
z = 994.42273
a = -84.84000
casinoid = 0
maxrate = 100000
minrate = 1000