x = 1979.24121
y = 998.84344
z = 994.42273
a = -95.27998
casinoid = 0
maxrate = 1000
minrate = 1