x = 1998.814208
y = 1018.115905
z = 994.890625
a = 89.604675
casinoid = 0
maxrate = 100
minrate = 1