x = 2002.819824
y = 1020.050170
z = 994.468750
a = 1.259276
casinoid = 0
maxrate = 10000
minrate = 1