x = 2005.270019
y = 1016.100769
z = 994.468750
a = 277.598754
casinoid = 0
maxrate = 10000
minrate = 1