x = 2002.025024
y = 1014.288146
z = 994.468750
a = 175.137786
casinoid = 0
maxrate = 10000
minrate = 1